%YAML:1.0
---
R: !!opencv-matrix
   rows: 3
   cols: 3
   dt: d
   data: [ 7.5674672490856376e-01, -2.8347401709331216e-01,
       -5.8904743100462054e-01, 2.8048954186302250e-01,
       9.5472654667340517e-01, -9.9110231472568894e-02,
       5.9047439508045940e-01, -9.0220300986280200e-02,
       8.0199768456293608e-01 ]
T: !!opencv-matrix
   rows: 3
   cols: 1
   dt: d
   data: [ 2.6529916257864524e+01, 3.9985728488027559e+00,
       7.2969318654265818e+00 ]
R1: !!opencv-matrix
   rows: 3
   cols: 3
   dt: d
   data: [ 9.1736826345967815e-01, -1.5685899730325251e-01,
       -3.6582881811305235e-01, 1.5707425750581472e-01,
       9.8714965558865098e-01, -2.9380862822670651e-02,
       3.6573644448697151e-01, -3.0509218872757059e-02,
       9.3021827585669525e-01 ]
R2: !!opencv-matrix
   rows: 3
   cols: 3
   dt: d
   data: [ 9.5417140448789994e-01, 1.4381213397001533e-01,
       2.6244047130840709e-01, -1.4365912664063152e-01,
       9.8942761237149313e-01, -1.9875995816495809e-02,
       -2.6252425828947590e-01, -1.8736862059500058e-02,
       9.6474346010207490e-01 ]
P1: !!opencv-matrix
   rows: 3
   cols: 4
   dt: d
   data: [ 3.2449035486065543e+02, 0., 3.8407215213775635e+02, 0., 0.,
       3.2449035486065543e+02, 2.7060121917724609e+02, 0., 0., 0., 1.,
       0. ]
P2: !!opencv-matrix
   rows: 3
   cols: 4
   dt: d
   data: [ 3.2449035486065543e+02, 0., 3.8407215213775635e+02,
       9.0221755760519700e+03, 0., 3.2449035486065543e+02,
       2.7060121917724609e+02, 0., 0., 0., 1., 0. ]
Q: !!opencv-matrix
   rows: 4
   cols: 4
   dt: d
   data: [ 1., 0., 0., -3.8407215213775635e+02, 0., 1., 0.,
       -2.7060121917724609e+02, 0., 0., 0., 3.2449035486065543e+02, 0.,
       0., -3.5965865674568227e-02, 0. ]
