%YAML:1.0
---
M1: !!opencv-matrix
   rows: 3
   cols: 3
   dt: d
   data: [ 8.5399945768173461e+02, 0., 3.2192488783358675e+02, 0.,
       8.6797493188353269e+02, 2.3879012317696220e+02, 0., 0., 1. ]
D1: !!opencv-matrix
   rows: 1
   cols: 14
   dt: d
   data: [ -5.3016017676094727e-02, 1.3888502043615949e+00, 0., 0., 0.,
       0., 0., 7.1964690056006040e+00, 0., 0., 0., 0., 0., 0. ]
M2: !!opencv-matrix
   rows: 3
   cols: 3
   dt: d
   data: [ 8.5399945768173461e+02, 0., 3.1893740967415062e+02, 0.,
       8.6797493188353269e+02, 2.4435324374508613e+02, 0., 0., 1. ]
D2: !!opencv-matrix
   rows: 1
   cols: 14
   dt: d
   data: [ -2.1295478531066545e-01, 3.3399383460452183e+00, 0., 0., 0.,
       0., 0., 1.3985943979871330e+01, 0., 0., 0., 0., 0., 0. ]
